name: myBEA
channels:
  - conda-forge
  - defaults
dependencies:
  - affine=2.4.0=pyhd8ed1ab_1
  - attrs=25.3.0=pyh71513ae_0
  - blas=1.0=mkl
  - blosc=1.21.3=h6c2663c_0
  - boost-cpp=1.74.0=h5b4e17d_6
  - bzip2=1.0.8=h2bbff1b_6
  - ca-certificates=2025.1.31=h56e8100_0
  - cairo=1.16.0=hc68a040_5
  - certifi=2025.1.31=pyhd8ed1ab_0
  - cfitsio=3.470=h2bbff1b_7
  - click=8.1.8=pyh7428d3b_0
  - click-plugins=1.1.1=pyhd8ed1ab_1
  - cligj=0.7.2=pyhd8ed1ab_2
  - colorama=0.4.6=pyhd8ed1ab_1
  - expat=2.6.4=h8ddb27b_0
  - fontconfig=2.14.1=h9c4af85_2
  - freetype=2.10.4=h546665d_1
  - freexl=1.0.6=h2bbff1b_0
  - geos=3.8.0=h33f27b4_0
  - geotiff=1.7.0=h4545760_1
  - glib=2.78.4=hd77b12b_0
  - glib-tools=2.78.4=hd77b12b_0
  - hdf4=4.2.13=h712560f_2
  - hdf5=1.12.1=h51c971a_3
  - icc_rt=2022.1.0=h6049295_2
  - intel-openmp=2025.0.4=h57928b3_1528
  - jpeg=9e=hcfcfb64_3
  - kealib=1.5.0=hde4a422_1
  - krb5=1.20.1=heb0366b_0
  - lcms2=2.16=hb4a4139_0
  - lerc=3.0=hd77b12b_0
  - libcurl=8.12.1=h9da9810_0
  - libdeflate=1.17=h2bbff1b_1
  - libffi=3.4.4=hd77b12b_1
  - libgdal=3.6.2=h676b171_3
  - libglib=2.78.4=ha17d25a_0
  - libiconv=1.16=h2bbff1b_3
  - libkml=1.3.0=h9859afa_1014
  - libnetcdf=4.8.1=h6685c40_4
  - libpng=1.6.39=h8cc25b3_0
  - libpq=12.20=h70ee33d_0
  - libspatialite=4.3.0a=h6ec8781_23
  - libssh2=1.11.1=h2addb87_0
  - libtiff=4.5.1=hd77b12b_0
  - libwebp-base=1.3.2=h3d04722_1
  - libxml2=2.10.4=h0ad7f3c_2
  - libzip=1.8.0=h289538f_1
  - lz4-c=1.9.4=hcfcfb64_0
  - mkl=2023.2.0=h6a75c08_49573
  - mkl-service=2.4.0=py310h827c3e9_2
  - mkl_fft=1.3.11=py310h827c3e9_0
  - mkl_random=1.2.8=py310hc64d2fc_0
  - numpy=1.26.4=py310h055cbcc_0
  - numpy-base=1.26.4=py310h65a83cf_0
  - openjpeg=2.5.2=hae555c5_0
  - openssl=3.0.16=h3f729d1_0
  - pcre2=10.42=h0ff8eda_1
  - pip=25.0=py310haa95532_0
  - pixman=0.40.0=h2bbff1b_1
  - poppler=22.12.0=h0bf3bde_3
  - poppler-data=0.4.12=hd8ed1ab_0
  - proj=6.2.1=h3758d61_0
  - pyparsing=3.2.3=pyhd8ed1ab_1
  - python=3.10.16=h4607a30_1
  - qhull=2020.2=h70d2c02_2
  - rasterio=1.4.3=py310he5c4563_0
  - setuptools=75.8.0=py310haa95532_0
  - sqlite=3.45.3=h2bbff1b_0
  - tbb=2021.8.0=h59b6b97_0
  - tiledb=2.3.3=hd8964de_3
  - tk=8.6.14=h0416ee5_0
  - tzdata=2025a=h04d1e81_0
  - ucrt=10.0.22621.0=h57928b3_1
  - vc=14.42=haa95532_4
  - vs2015_runtime=14.42.34433=he0abc0d_4
  - wheel=0.45.1=py310haa95532_0
  - xerces-c=3.2.4=hd77b12b_1
  - xz=5.6.4=h4754444_1
  - zlib=1.2.13=h8cc25b3_1
  - zstd=1.5.6=h8880b57_0
prefix: C:\Users\35196\anaconda3\envs\myBEA
